0.0,0.023700000000000054,0.9702,0.0014999999999999458,0.0050000000000000044,0.2593,0.16549999999999998,0.0027000000000000357,0.26649999999999996,0.005999999999999894,0.0988,0.11599999999999999,0.0022999999999999687,0.005900000000000016,0.0043999999999999595,0.14900000000000002,0.10370000000000001,0.09770000000000001,0.15849999999999997,0.0040000000000000036,0.0029000000000000137,0.11109999999999998,0.1653,0.1583,0.08809999999999996,0.46209999999999996,0.1281,0.27390000000000003,0.14239999999999997,0.0,0.005999999999999894,0.005600000000000049,0.12880000000000003,0.0022999999999999687,0.12849999999999995,0.0046000000000000485,0.26770000000000005,0.13129999999999997,0.1169,0.127,0.1281,0.9399,0.9783,0.9639,0.10350000000000004,0.9582,0.12629999999999997,0.12619999999999998,0.00539999999999996,0.005199999999999982,0.0038000000000000256,0.10099999999999998,0.09260000000000002,0.005900000000000016,0.10619999999999996,0.10670000000000002,0.007399999999999962,0.006700000000000039,0.11770000000000003,0.0024999999999999467,0.0024999999999999467,0.9822,0.0038000000000000256,0.0016000000000000458,0.10440000000000005,0.9803,0.0023999999999999577,0.9588,0.9766,0.9689,0.9469,0.08599999999999997,0.9457,0.9719,0.25129999999999997,0.0018000000000000238,0.2764,0.27949999999999997,0.10260000000000002,0.0937,0.22219999999999995,0.10060000000000002,0.10440000000000005,0.9727,0.9023,0.8656,0.0009999999999998899,0.0038000000000000256,0.10140000000000005,0.0022999999999999687,0.0009000000000000119,0.0036000000000000476,0.9789,0.9831,0.09909999999999997,0.5505,0.05010000000000003,0.04599999999999993,0.0016000000000000458,0.0044999999999999485,0.0009000000000000119,0.0046000000000000485,0.10400000000000009,0.4686,0.46499999999999997,0.47119999999999995,0.18620000000000003,0.4687,0.4670000000000001,0.46399999999999997,0.2754,0.44620000000000004,0.46409999999999996,0.4699,0.4577,0.4668,0.4625,0.4635,0.272,0.46340000000000003,0.1604,0.4656,0.26370000000000005,0.27270000000000005,0.19120000000000004,0.4586,0.4586,0.4586,0.4586,0.10029999999999994,0.007600000000000051,0.005900000000000016,0.2651,0.15239999999999998,0.0044999999999999485,0.0016000000000000458,0.0040999999999999925
0.023700000000000054,0.0,0.025399999999999978,0.6445000000000001,0.6491,0.058599999999999985,0.04620000000000002,0.6575,0.06020000000000003,0.6537999999999999,0.03299999999999992,0.03059999999999996,0.6576,0.6374,0.6537999999999999,0.11919999999999997,0.028000000000000025,0.033399999999999985,0.04469999999999996,0.6694,0.6513,0.17410000000000003,0.03979999999999995,0.05789999999999995,0.385,0.0635,0.03159999999999996,0.049699999999999966,0.07469999999999999,0.655,0.6436999999999999,0.6402,0.03500000000000003,0.6269,0.03359999999999996,0.6475,0.12329999999999997,0.03200000000000003,0.049799999999999955,0.032200000000000006,0.030399999999999983,0.03369999999999995,0.023900000000000032,0.02749999999999997,0.028299999999999992,0.025000000000000022,0.035599999999999965,0.030399999999999983,0.6537,0.636,0.6512,0.03359999999999996,0.04579999999999995,0.6326,0.05169999999999997,0.03159999999999996,0.635,0.6364000000000001,0.02849999999999997,0.6274,0.6706,0.022299999999999986,0.6288,0.6693,0.036900000000000044,0.028200000000000003,0.6525000000000001,0.02510000000000001,0.0252,0.025399999999999978,0.02729999999999999,0.05120000000000002,0.034599999999999964,0.023800000000000043,0.057699999999999974,0.6602,0.055499999999999994,0.05289999999999995,0.0756,0.05169999999999997,0.07840000000000003,0.05389999999999995,0.0766,0.028200000000000003,0.03480000000000005,0.04620000000000002,0.6734,0.6612,0.06930000000000003,0.6486000000000001,0.6627000000000001,0.6535,0.031100000000000017,0.025599999999999956,0.05620000000000003,0.14149999999999996,0.22299999999999998,0.22140000000000004,0.6376999999999999,0.6462,0.6322,0.6423,0.030000000000000027,0.05559999999999998,0.056499999999999995,0.05579999999999996,0.10499999999999998,0.05710000000000004,0.054400000000000004,0.06040000000000001,0.04579999999999995,0.07389999999999997,0.05500000000000005,0.05689999999999995,0.05900000000000005,0.057499999999999996,0.05900000000000005,0.05599999999999994,0.050000000000000044,0.0726,0.030000000000000027,0.05610000000000004,0.056599999999999984,0.048900000000000055,0.09360000000000002,0.12840000000000007,0.12840000000000007,0.12840000000000007,0.12840000000000007,0.028299999999999992,0.6298,0.6589,0.05069999999999997,0.035699999999999954,0.6537,0.6416999999999999,0.6255
0.9702,0.025399999999999978,0.0,0.0016000000000000458,0.0038000000000000256,0.24760000000000004,0.16299999999999992,0.0029000000000000137,0.25670000000000004,0.0016000000000000458,0.09550000000000003,0.10860000000000003,0.0023999999999999577,0.0039000000000000146,0.0016000000000000458,0.14990000000000003,0.09809999999999997,0.0948,0.1562,0.0017000000000000348,0.0008000000000000229,0.11129999999999995,0.16200000000000003,0.15690000000000004,0.0877,0.46030000000000004,0.12549999999999994,0.26839999999999997,0.13649999999999995,0.0017000000000000348,0.0016000000000000458,0.0017000000000000348,0.12370000000000003,0.0016000000000000458,0.12490000000000001,0.0040999999999999925,0.268,0.12549999999999994,0.11480000000000001,0.12419999999999998,0.12619999999999998,0.9497,0.9758,0.9705,0.09909999999999997,0.9647,0.125,0.12380000000000002,0.0023999999999999577,0.0031999999999999806,0.0031999999999999806,0.09930000000000005,0.0927,0.0016000000000000458,0.10419999999999996,0.10189999999999999,0.0040000000000000036,0.0016000000000000458,0.10880000000000001,0.0026000000000000467,0.0009000000000000119,0.9744,0.0016000000000000458,0.0024999999999999467,0.09950000000000003,0.9784,0.0017000000000000348,0.9737,0.9771,0.9702,0.9562,0.08420000000000005,0.9519,0.9621999999999999,0.2481,0.0048000000000000265,0.2683,0.27080000000000004,0.10109999999999997,0.09230000000000005,0.21719999999999995,0.09950000000000003,0.10360000000000003,0.9804,0.9055,0.8807,0.0020000000000000018,0.005900000000000016,0.10060000000000002,0.0023999999999999577,0.0019000000000000128,0.0037000000000000366,0.9699,0.9754,0.09499999999999997,0.5467,0.05249999999999999,0.048900000000000055,0.0024999999999999467,0.0023999999999999577,0.0027000000000000357,0.0031999999999999806,0.10129999999999995,0.46130000000000004,0.4596,0.46909999999999996,0.18599999999999994,0.46319999999999995,0.46240000000000003,0.4570000000000001,0.2669,0.4434,0.4649,0.4667,0.46040000000000003,0.4656,0.4648,0.46120000000000005,0.26060000000000005,0.4646,0.15449999999999997,0.46519999999999995,0.2542,0.26349999999999996,0.19179999999999997,0.44930000000000003,0.44930000000000003,0.44930000000000003,0.44930000000000003,0.09519999999999995,0.0040000000000000036,0.0023999999999999577,0.2591,0.14849999999999997,0.0008000000000000229,0.0026000000000000467,0.0017000000000000348
0.0014999999999999458,0.6445000000000001,0.0016000000000000458,0.0,0.9306,0.0343,0.04959999999999998,0.8808,0.046599999999999975,0.9359999999999999,0.03799999999999992,0.0353,0.9319999999999999,0.9116,0.9215,0.03649999999999998,0.028800000000000048,0.036599999999999966,0.046599999999999975,0.9318,0.9215,0.1038,0.04930000000000001,0.03990000000000005,0.20140000000000002,0.04510000000000003,0.031299999999999994,0.043300000000000005,0.052200000000000024,0.9497,0.9313,0.9286,0.028299999999999992,0.9323,0.0252,0.9205,0.10350000000000004,0.022399999999999975,0.012900000000000023,0.02190000000000003,0.027000000000000024,0.0010999999999999899,0.0022999999999999687,0.0034999999999999476,0.03259999999999996,0.0009000000000000119,0.03080000000000005,0.029000000000000026,0.9553,0.9322,0.933,0.01859999999999995,0.023399999999999976,0.9294,0.028000000000000025,0.028699999999999948,0.9159,0.945,0.03090000000000004,0.9174,0.9278,0.0022999999999999687,0.9493,0.9031,0.026900000000000035,0.0031999999999999806,0.9147,0.0009000000000000119,0.0024999999999999467,0.0,0.0,0.025599999999999956,0.0030999999999999917,0.0014999999999999458,0.02739999999999998,0.9277,0.03149999999999997,0.03090000000000004,0.04469999999999996,0.019199999999999995,0.029100000000000015,0.04730000000000001,0.0464,0.0009999999999998899,0.0,0.00649999999999995,0.871,0.881,0.012199999999999989,0.9259,0.8934,0.9055,0.0030999999999999917,0.0016000000000000458,0.03069999999999995,0.13680000000000003,0.32130000000000003,0.2811,0.9151,0.9167,0.9178,0.9451,0.017000000000000015,0.043200000000000016,0.0413,0.045499999999999985,0.06010000000000004,0.045499999999999985,0.043300000000000005,0.04299999999999993,0.04249999999999998,0.041100000000000025,0.04310000000000003,0.044300000000000006,0.04610000000000003,0.04310000000000003,0.042200000000000015,0.04369999999999996,0.046499999999999986,0.04190000000000005,0.06230000000000002,0.04290000000000005,0.04139999999999999,0.041100000000000025,0.037900000000000045,0.10839999999999994,0.10839999999999994,0.10839999999999994,0.10839999999999994,0.03710000000000002,0.9341,0.9257,0.03510000000000002,0.05289999999999995,0.9390000000000001,0.9206,0.9041
0.0050000000000000044,0.6491,0.0038000000000000256,0.9306,0.0,0.04079999999999995,0.04810000000000003,0.8658,0.060799999999999965,0.9307,0.05349999999999999,0.04169999999999996,0.9229,0.9155,0.8969,0.04049999999999998,0.03939999999999999,0.04420000000000002,0.04500000000000004,0.9055,0.8887,0.10099999999999998,0.06010000000000004,0.04079999999999995,0.20140000000000002,0.046499999999999986,0.03759999999999997,0.04749999999999999,0.058599999999999985,0.9463,0.9353,0.9169,0.03259999999999996,0.9217,0.030399999999999983,0.9099,0.1028,0.0252,0.015199999999999991,0.03210000000000002,0.029100000000000015,0.0030999999999999917,0.0041999999999999815,0.0024999999999999467,0.04390000000000005,0.0008000000000000229,0.03649999999999998,0.037799999999999945,0.9236,0.9295,0.924,0.02310000000000001,0.018900000000000028,0.9143,0.024599999999999955,0.03610000000000002,0.8985,0.9417,0.04679999999999995,0.8966,0.8981,0.0029000000000000137,0.9241,0.8824,0.03159999999999996,0.0039000000000000146,0.9044,0.0009000000000000119,0.0030999999999999917,0.0008000000000000229,0.0,0.027599999999999958,0.0030000000000000027,0.0013999999999999568,0.028000000000000025,0.9041,0.03090000000000004,0.03290000000000004,0.04369999999999996,0.021700000000000053,0.026599999999999957,0.04610000000000003,0.049900000000000055,0.0009000000000000119,0.0023999999999999577,0.010099999999999998,0.8667,0.8746,0.010199999999999987,0.9211,0.9018,0.8961,0.005199999999999982,0.0030000000000000027,0.025800000000000045,0.14080000000000004,0.3298,0.28500000000000003,0.899,0.9139,0.8817,0.9284,0.021100000000000008,0.04959999999999998,0.05230000000000001,0.04720000000000002,0.06379999999999997,0.04930000000000001,0.0524,0.05389999999999995,0.052999999999999936,0.03969999999999996,0.04959999999999998,0.05059999999999998,0.0484,0.049900000000000055,0.04579999999999995,0.0494,0.05620000000000003,0.044499999999999984,0.07720000000000005,0.04949999999999999,0.04490000000000005,0.05230000000000001,0.03839999999999999,0.12309999999999999,0.12309999999999999,0.12309999999999999,0.12309999999999999,0.047799999999999954,0.8925,0.921,0.03869999999999996,0.06130000000000002,0.9089,0.8789,0.87
0.2593,0.058599999999999985,0.24760000000000004,0.0343,0.04079999999999995,0.0,0.397,0.03620000000000001,0.9354,0.03739999999999999,0.25039999999999996,0.3103,0.036699999999999955,0.04530000000000001,0.035499999999999976,0.3145,0.2541,0.23309999999999997,0.38959999999999995,0.03620000000000001,0.04190000000000005,0.3556,0.39490000000000003,0.3813,0.14,0.0665,0.20189999999999997,0.9553,0.11870000000000003,0.027100000000000013,0.03710000000000002,0.02729999999999999,0.2016,0.03280000000000005,0.20340000000000003,0.02949999999999997,0.13070000000000004,0.20130000000000003,0.1865,0.2036,0.2015,0.2459,0.2602,0.25049999999999994,0.25260000000000005,0.24180000000000001,0.20700000000000007,0.19640000000000002,0.02939999999999998,0.03610000000000002,0.02969999999999995,0.24860000000000004,0.2399,0.03510000000000002,0.23409999999999997,0.248,0.02629999999999999,0.03500000000000003,0.31710000000000005,0.03280000000000005,0.03510000000000002,0.2601,0.030000000000000027,0.030299999999999994,0.2398,0.25039999999999996,0.03210000000000002,0.24109999999999998,0.24870000000000003,0.24650000000000005,0.23040000000000005,0.22509999999999997,0.24670000000000003,0.25639999999999996,0.9111,0.024599999999999955,0.9445,0.9471,0.26990000000000003,0.23299999999999998,0.7872,0.2702,0.25849999999999995,0.24350000000000005,0.23629999999999995,0.24639999999999995,0.036599999999999966,0.0383,0.2299,0.027900000000000036,0.03249999999999997,0.029200000000000004,0.25880000000000003,0.2511,0.23370000000000002,0.2127,0.11729999999999996,0.11309999999999998,0.03069999999999995,0.03159999999999996,0.03159999999999996,0.03080000000000005,0.2909999999999999,0.06569999999999998,0.06430000000000002,0.06710000000000005,0.10940000000000005,0.06379999999999997,0.06340000000000001,0.06769999999999998,0.9404,0.07669999999999999,0.06499999999999995,0.06410000000000005,0.06379999999999997,0.06499999999999995,0.06610000000000005,0.062100000000000044,0.959,0.07089999999999996,0.3762,0.06489999999999996,0.9379,0.9408,0.2784,1.1133,1.1133,1.1133,1.1133,0.25060000000000004,0.04169999999999996,0.03939999999999999,0.9433,0.3952,0.03520000000000001,0.04239999999999999,0.040000000000000036
0.16549999999999998,0.04620000000000002,0.16299999999999992,0.04959999999999998,0.04810000000000003,0.397,0.0,0.043300000000000005,0.39690000000000003,0.045499999999999985,0.2894,0.37060000000000004,0.048699999999999966,0.05020000000000002,0.04630000000000001,0.6036,0.2984,0.2874,0.9518,0.047699999999999965,0.04700000000000004,0.35840000000000005,0.9282,0.9122,0.15349999999999997,0.09089999999999998,0.2994,0.3984,0.1461,0.04299999999999993,0.04369999999999996,0.04700000000000004,0.3023,0.0474,0.29890000000000005,0.045599999999999974,0.13759999999999994,0.3075,0.28700000000000003,0.3013,0.3004,0.1724,0.1634,0.1663,0.2946,0.16459999999999997,0.29690000000000005,0.2975,0.04239999999999999,0.04290000000000005,0.041200000000000014,0.30589999999999995,0.2865,0.042300000000000004,0.2632,0.2895,0.04349999999999998,0.044300000000000006,0.36829999999999996,0.04620000000000002,0.04299999999999993,0.1663,0.045599999999999974,0.04049999999999998,0.30510000000000004,0.16269999999999996,0.041100000000000025,0.16799999999999993,0.16059999999999997,0.16990000000000005,0.16149999999999998,0.26149999999999995,0.16710000000000003,0.16590000000000005,0.40680000000000005,0.0474,0.405,0.4064,0.4054,0.2934,0.35740000000000005,0.4155,0.3994,0.16279999999999994,0.17759999999999998,0.15610000000000002,0.0474,0.049000000000000044,0.21919999999999995,0.043399999999999994,0.044399999999999995,0.04569999999999996,0.16200000000000003,0.16620000000000001,0.2895,0.1341,0.31799999999999995,0.33330000000000004,0.047599999999999976,0.04049999999999998,0.04799999999999993,0.0464,0.3782,0.08989999999999998,0.0887,0.09050000000000002,0.15280000000000005,0.08689999999999998,0.08689999999999998,0.08889999999999998,0.39380000000000004,0.09840000000000004,0.08940000000000003,0.0897,0.09209999999999996,0.08730000000000004,0.08950000000000002,0.0887,0.39980000000000004,0.0948,0.5413,0.08809999999999996,0.38339999999999996,0.3951,0.6786,0.7043,0.7043,0.7043,0.7043,0.29069999999999996,0.04810000000000003,0.04700000000000004,0.3944,0.5535,0.04390000000000005,0.04690000000000005,0.037699999999999956
0.0027000000000000357,0.6575,0.0029000000000000137,0.8808,0.8658,0.03620000000000001,0.043300000000000005,0.0,0.04410000000000003,0.8907,0.030299999999999994,0.026100000000000012,0.866,0.8762,0.879,0.04410000000000003,0.027200000000000002,0.0363,0.03739999999999999,0.8873,0.8585,0.11140000000000005,0.040000000000000036,0.041200000000000014,0.22130000000000005,0.03839999999999999,0.020000000000000018,0.03720000000000001,0.05059999999999998,0.8859,0.8489,0.8889,0.021399999999999975,0.8766,0.024599999999999955,0.8706,0.09860000000000002,0.023299999999999987,0.023399999999999976,0.02410000000000001,0.022800000000000042,0.009499999999999953,0.005499999999999949,0.005999999999999894,0.029900000000000038,0.0030999999999999917,0.024599999999999955,0.022700000000000053,0.8742,0.8656,0.8636,0.02849999999999997,0.02939999999999998,0.8622,0.037799999999999945,0.026900000000000035,0.8645,0.8654,0.017900000000000027,0.8571,0.8885,0.0018000000000000238,0.873,0.8804,0.03590000000000004,0.0047000000000000375,0.8721,0.006299999999999972,0.0028000000000000247,0.0038000000000000256,0.005700000000000038,0.04369999999999996,0.005700000000000038,0.0018000000000000238,0.039100000000000024,0.8986,0.03469999999999995,0.03420000000000001,0.04039999999999999,0.02949999999999997,0.031200000000000006,0.06740000000000002,0.05349999999999999,0.0031999999999999806,0.0040000000000000036,0.010000000000000009,0.8679,0.8826,0.015999999999999903,0.8484,0.8951,0.8993,0.0047000000000000375,0.0038000000000000256,0.0383,0.11460000000000004,0.2946,0.2752,0.8771,0.8365,0.8801,0.8949,0.023599999999999954,0.03720000000000001,0.035499999999999976,0.03590000000000004,0.060699999999999976,0.037799999999999945,0.03700000000000003,0.03799999999999992,0.040100000000000025,0.04169999999999996,0.03480000000000005,0.03590000000000004,0.04090000000000005,0.03469999999999995,0.03590000000000004,0.035499999999999976,0.04179999999999995,0.04500000000000004,0.04479999999999995,0.03810000000000002,0.04249999999999998,0.040000000000000036,0.04190000000000005,0.1079,0.1079,0.1079,0.1079,0.0262,0.8849,0.8639,0.04079999999999995,0.04259999999999997,0.8449,0.8481,0.8764
0.26649999999999996,0.06020000000000003,0.25670000000000004,0.046599999999999975,0.060799999999999965,0.9354,0.39690000000000003,0.04410000000000003,0.0,0.04520000000000002,0.24339999999999995,0.3055,0.05059999999999998,0.05910000000000004,0.03469999999999995,0.31389999999999996,0.24070000000000003,0.22199999999999998,0.387,0.042100000000000026,0.044300000000000006,0.33999999999999997,0.40249999999999997,0.382,0.13670000000000004,0.06540000000000001,0.20120000000000005,0.9621999999999999,0.11670000000000003,0.030999999999999917,0.03849999999999998,0.037799999999999945,0.2016,0.04069999999999996,0.20440000000000003,0.03069999999999995,0.1301,0.19910000000000005,0.18769999999999998,0.1975,0.19879999999999998,0.25639999999999996,0.2724,0.26339999999999997,0.23519999999999996,0.25139999999999996,0.20309999999999995,0.1926,0.03410000000000002,0.040100000000000025,0.03639999999999999,0.2358,0.22860000000000003,0.046599999999999975,0.2269,0.2339,0.029299999999999993,0.04279999999999995,0.3145,0.036599999999999966,0.03590000000000004,0.26870000000000005,0.037699999999999956,0.03299999999999992,0.23140000000000005,0.26249999999999996,0.035499999999999976,0.25670000000000004,0.25839999999999996,0.25680000000000003,0.24219999999999997,0.2128,0.255,0.26470000000000005,0.9175,0.0353,0.9375,0.9473,0.2853,0.2240000000000001,0.7625,0.28969999999999996,0.2724,0.2512,0.25,0.24329999999999996,0.04520000000000002,0.04849999999999999,0.21940000000000004,0.030399999999999983,0.04239999999999999,0.03369999999999995,0.26570000000000005,0.2623,0.22960000000000003,0.20030000000000003,0.11739999999999995,0.12309999999999999,0.03500000000000003,0.033499999999999974,0.03500000000000003,0.035699999999999954,0.2954,0.06530000000000002,0.07389999999999997,0.06599999999999995,0.1058,0.0645,0.06569999999999998,0.0685,0.9476,0.07299999999999995,0.06569999999999998,0.06579999999999997,0.060699999999999976,0.06689999999999996,0.06520000000000004,0.06299999999999994,0.9547,0.06769999999999998,0.40490000000000004,0.0645,0.9284,0.9563,0.28290000000000004,1.139,1.139,1.139,1.139,0.24060000000000004,0.04849999999999999,0.058499999999999996,0.9189,0.397,0.04369999999999996,0.04910000000000003,0.04269999999999996
0.005999999999999894,0.6537999999999999,0.0016000000000000458,0.9359999999999999,0.9307,0.03739999999999999,0.045499999999999985,0.8907,0.04520000000000002,0.0,0.038799999999999946,0.03090000000000004,0.9047000000000001,0.9241,0.9231,0.03259999999999996,0.03310000000000002,0.03820000000000001,0.04299999999999993,0.9112,0.929,0.09689999999999999,0.048799999999999955,0.04279999999999995,0.19579999999999997,0.046699999999999964,0.02529999999999999,0.039000000000000035,0.05489999999999995,0.9391,0.9424,0.9361,0.021499999999999964,0.9515,0.022199999999999998,0.9291,0.10429999999999995,0.022800000000000042,0.019100000000000006,0.02310000000000001,0.024499999999999966,0.005199999999999982,0.005900000000000016,0.005199999999999982,0.03320000000000001,0.0026000000000000467,0.028100000000000014,0.021499999999999964,0.9522,0.9371,0.9253,0.022299999999999986,0.021700000000000053,0.9272,0.02749999999999997,0.03080000000000005,0.9093,0.9483,0.031100000000000017,0.9169,0.9251,0.0030000000000000027,0.9456,0.9291,0.030100000000000016,0.0023999999999999577,0.9242,0.007299999999999973,0.0016000000000000458,0.005600000000000049,0.005999999999999894,0.027699999999999947,0.0020000000000000018,0.0044999999999999485,0.03069999999999995,0.9269000000000001,0.031100000000000017,0.03149999999999997,0.03739999999999999,0.02310000000000001,0.029900000000000038,0.0494,0.05149999999999999,0.0028000000000000247,0.0011999999999999789,0.006399999999999961,0.8906000000000001,0.8797,0.0121,0.9431,0.9262,0.9339,0.0014999999999999458,0.007099999999999995,0.02859999999999996,0.1412,0.3347,0.2879999999999999,0.938,0.9234,0.9208,0.9422,0.017800000000000038,0.04630000000000001,0.044399999999999995,0.044399999999999995,0.05789999999999995,0.04400000000000004,0.04410000000000003,0.044300000000000006,0.04059999999999997,0.03979999999999995,0.042100000000000026,0.04139999999999999,0.04820000000000002,0.04149999999999998,0.044499999999999984,0.04169999999999996,0.045399999999999996,0.04179999999999995,0.059799999999999964,0.046599999999999975,0.04459999999999997,0.03869999999999996,0.03500000000000003,0.10829999999999995,0.10829999999999995,0.10829999999999995,0.10829999999999995,0.0373,0.9241,0.919,0.03799999999999992,0.051100000000000034,0.9324,0.8925,0.904
0.0988,0.03299999999999992,0.09550000000000003,0.03799999999999992,0.05349999999999999,0.25039999999999996,0.2894,0.030299999999999994,0.24339999999999995,0.038799999999999946,0.0,0.6485000000000001,0.044399999999999995,0.05130000000000001,0.04239999999999999,0.23199999999999998,0.9659,0.9503,0.2974,0.03710000000000002,0.046699999999999964,0.15580000000000005,0.3086,0.2814,0.0988,0.09519999999999995,0.472,0.23970000000000002,0.1412,0.0232,0.0413,0.028900000000000037,0.472,0.031299999999999994,0.47529999999999994,0.035499999999999976,0.13980000000000004,0.4596,0.45030000000000003,0.47130000000000005,0.4636,0.09860000000000002,0.10599999999999998,0.09670000000000001,0.9585,0.09019999999999995,0.4698,0.4718,0.03510000000000002,0.038799999999999946,0.026900000000000035,0.9588,0.917,0.046499999999999986,0.8624,0.9612,0.03210000000000002,0.03949999999999998,0.6533,0.02429999999999999,0.022299999999999986,0.10250000000000004,0.03610000000000002,0.026900000000000035,0.9527,0.1018,0.02210000000000001,0.10209999999999997,0.09989999999999999,0.10029999999999994,0.0927,0.8674999999999999,0.09900000000000009,0.10070000000000001,0.21989999999999998,0.02080000000000004,0.23040000000000005,0.22960000000000003,0.28269999999999995,0.893,0.21540000000000004,0.28049999999999997,0.26480000000000004,0.09430000000000005,0.10389999999999999,0.08379999999999999,0.024399999999999977,0.027000000000000024,0.7101999999999999,0.036900000000000044,0.026499999999999968,0.018199999999999994,0.10260000000000002,0.09950000000000003,0.8904,0.07079999999999997,0.1814,0.1753,0.024599999999999955,0.03359999999999996,0.0242,0.03799999999999992,0.6143000000000001,0.09940000000000004,0.10309999999999997,0.09640000000000004,0.14470000000000005,0.09599999999999997,0.0978,0.10189999999999999,0.24619999999999997,0.09389999999999998,0.10029999999999994,0.09799999999999998,0.10089999999999999,0.09840000000000004,0.09889999999999999,0.09730000000000005,0.247,0.09309999999999996,0.3852,0.09970000000000001,0.237,0.24629999999999996,0.21709999999999996,0.4532999999999999,0.4532999999999999,0.4532999999999999,0.4532999999999999,0.9557,0.03810000000000002,0.05059999999999998,0.23199999999999998,0.379,0.03949999999999998,0.040000000000000036,0.028800000000000048
0.11599999999999999,0.03059999999999996,0.10860000000000003,0.0353,0.04169999999999996,0.3103,0.37060000000000004,0.026100000000000012,0.3055,0.03090000000000004,0.6485000000000001,0.0,0.03939999999999999,0.03390000000000004,0.03720000000000001,0.2642,0.6648000000000001,0.6406000000000001,0.3519,0.04310000000000003,0.04190000000000005,0.18520000000000003,0.3668,0.3345,0.09889999999999999,0.05269999999999997,0.6051,0.3065,0.10440000000000005,0.022199999999999998,0.03380000000000005,0.02939999999999998,0.5945,0.027699999999999947,0.6038,0.0343,0.08430000000000004,0.5919,0.5806,0.5902000000000001,0.5992999999999999,0.11260000000000003,0.12239999999999995,0.11070000000000002,0.6556,0.10980000000000001,0.5974999999999999,0.5982000000000001,0.03310000000000002,0.03369999999999995,0.024800000000000044,0.6449,0.626,0.03520000000000001,0.5820000000000001,0.6538999999999999,0.02980000000000005,0.0343,0.9431,0.0252,0.017900000000000027,0.11670000000000003,0.034499999999999975,0.019399999999999973,0.6532,0.11660000000000004,0.018900000000000028,0.1140000000000001,0.11319999999999997,0.11199999999999999,0.10470000000000002,0.5856,0.10309999999999997,0.11699999999999999,0.2842,0.023900000000000032,0.29879999999999995,0.2964,0.3739,0.6314,0.2709999999999999,0.38959999999999995,0.35329999999999995,0.10450000000000004,0.1068,0.08620000000000005,0.021499999999999964,0.02839999999999998,0.48650000000000004,0.031200000000000006,0.02400000000000002,0.015000000000000013,0.11739999999999995,0.11309999999999998,0.5982000000000001,0.07809999999999995,0.20850000000000002,0.1956,0.026800000000000046,0.033499999999999974,0.025000000000000022,0.033299999999999996,0.9411,0.05279999999999996,0.05579999999999996,0.05489999999999995,0.10619999999999996,0.052100000000000035,0.05289999999999995,0.05579999999999996,0.30810000000000004,0.05389999999999995,0.052000000000000046,0.05230000000000001,0.05349999999999999,0.05249999999999999,0.05520000000000003,0.0534,0.3107,0.05369999999999997,0.5152,0.051899999999999946,0.2935,0.3086,0.25860000000000005,0.48619999999999997,0.48619999999999997,0.48619999999999997,0.48619999999999997,0.653,0.03500000000000003,0.03869999999999996,0.2976,0.5312,0.04090000000000005,0.04259999999999997,0.025900000000000034
0.0022999999999999687,0.6576,0.0023999999999999577,0.9319999999999999,0.9229,0.036699999999999955,0.048699999999999966,0.866,0.05059999999999998,0.9047000000000001,0.044399999999999995,0.03939999999999999,0.0,0.8989,0.9064,0.03749999999999998,0.03169999999999995,0.040200000000000014,0.04679999999999995,0.8969,0.9077,0.09709999999999996,0.05120000000000002,0.04059999999999997,0.20499999999999996,0.04720000000000002,0.03059999999999996,0.03920000000000001,0.05910000000000004,0.9124,0.9144,0.9028,0.026499999999999968,0.9177,0.023499999999999965,0.8988,0.10029999999999994,0.019499999999999962,0.01970000000000005,0.02639999999999998,0.028900000000000037,0.0010999999999999899,0.0030000000000000027,0.0043999999999999595,0.0403,0.0034999999999999476,0.0343,0.03200000000000003,0.9227,0.9095,0.9075,0.022599999999999953,0.0232,0.9111,0.026100000000000012,0.033499999999999974,0.8793,0.9243,0.03259999999999996,0.9059,0.9,0.0030999999999999917,0.9257,0.893,0.028299999999999992,0.0040999999999999925,0.9143,0.0028000000000000247,0.0040999999999999925,0.0031999999999999806,0.0030000000000000027,0.026699999999999946,0.005099999999999993,0.0030000000000000027,0.030000000000000027,0.9053,0.033399999999999985,0.035499999999999976,0.04239999999999999,0.023299999999999987,0.03410000000000002,0.04200000000000004,0.044399999999999995,0.0019000000000000128,0.0011999999999999789,0.010399999999999965,0.8544,0.871,0.01419999999999999,0.9053,0.8831,0.8825000000000001,0.006199999999999983,0.0047000000000000375,0.03149999999999997,0.14480000000000004,0.32320000000000004,0.2842,0.8915,0.9005,0.8846,0.933,0.018100000000000005,0.046499999999999986,0.04690000000000005,0.04520000000000002,0.05820000000000003,0.04690000000000005,0.04610000000000003,0.049699999999999966,0.04420000000000002,0.04390000000000005,0.04749999999999999,0.04599999999999993,0.0464,0.047799999999999954,0.04920000000000002,0.04620000000000002,0.04569999999999996,0.04510000000000003,0.05789999999999995,0.0464,0.04599999999999993,0.04239999999999999,0.03639999999999999,0.11130000000000007,0.11130000000000007,0.11130000000000007,0.11130000000000007,0.04390000000000005,0.8915,0.9032,0.0373,0.052000000000000046,0.9101,0.8903,0.8922
0.005900000000000016,0.6374,0.0039000000000000146,0.9116,0.9155,0.04530000000000001,0.05020000000000002,0.8762,0.05910000000000004,0.9241,0.05130000000000001,0.03390000000000004,0.8989,0.0,0.8998,0.04169999999999996,0.035699999999999954,0.03649999999999998,0.048900000000000055,0.897,0.896,0.1068,0.06120000000000003,0.04239999999999999,0.20140000000000002,0.04510000000000003,0.028800000000000048,0.04799999999999993,0.06220000000000003,0.9215,0.92,0.8982,0.03299999999999992,0.9194,0.03090000000000004,0.9125,0.09640000000000004,0.02729999999999999,0.017900000000000027,0.02629999999999999,0.02510000000000001,0.008399999999999963,0.007199999999999984,0.0034999999999999476,0.041200000000000014,0.0017000000000000348,0.029200000000000004,0.031399999999999983,0.9129,0.9099,0.8965,0.02429999999999999,0.025800000000000045,0.9033,0.027900000000000036,0.029100000000000015,0.9037,0.9204,0.03799999999999992,0.8909,0.9208,0.0021999999999999797,0.9132,0.8855999999999999,0.03200000000000003,0.0023999999999999577,0.904,0.006299999999999972,0.0031999999999999806,0.005499999999999949,0.0050000000000000044,0.03069999999999995,0.0020000000000000018,0.0037000000000000366,0.033499999999999974,0.9099,0.03259999999999996,0.03480000000000005,0.045499999999999985,0.02300000000000002,0.028200000000000003,0.04930000000000001,0.05130000000000001,0.0028000000000000247,0.0036000000000000476,0.009000000000000008,0.8871,0.8599,0.016199999999999992,0.9135,0.9097,0.9178999999999999,0.0044999999999999485,0.006199999999999983,0.031200000000000006,0.14200000000000002,0.3329,0.2875,0.9195,0.9057,0.9014,0.9298,0.019100000000000006,0.049799999999999955,0.049900000000000055,0.047699999999999965,0.06479999999999997,0.04479999999999995,0.049799999999999955,0.05059999999999998,0.05049999999999999,0.040999999999999925,0.04599999999999993,0.0464,0.052999999999999936,0.047599999999999976,0.04379999999999995,0.04830000000000001,0.05230000000000001,0.04520000000000002,0.07430000000000003,0.04859999999999998,0.05159999999999998,0.052100000000000035,0.038900000000000046,0.12470000000000003,0.12470000000000003,0.12470000000000003,0.12470000000000003,0.04420000000000002,0.8889,0.8974,0.04159999999999997,0.0534,0.8952,0.8667,0.8633
0.0043999999999999595,0.6537999999999999,0.0016000000000000458,0.9215,0.8969,0.035499999999999976,0.04630000000000001,0.879,0.03469999999999995,0.9231,0.04239999999999999,0.03720000000000001,0.9064,0.8998,0.0,0.03159999999999996,0.035699999999999954,0.04090000000000005,0.04349999999999998,0.927,0.9257,0.09689999999999999,0.0464,0.041100000000000025,0.19999999999999996,0.04579999999999995,0.03210000000000002,0.03380000000000005,0.05579999999999996,0.9277,0.9249,0.9241,0.026800000000000046,0.9362,0.02210000000000001,0.9335,0.10299999999999998,0.02180000000000004,0.019100000000000006,0.026599999999999957,0.03080000000000005,0.0030999999999999917,0.0043999999999999595,0.0026000000000000467,0.04039999999999999,0.0,0.03080000000000005,0.02849999999999997,0.9541,0.9107,0.9171,0.024499999999999966,0.024499999999999966,0.9097,0.029200000000000004,0.036599999999999966,0.9127,0.9224,0.03380000000000005,0.9173,0.9299,0.0021999999999999797,0.9433,0.9138,0.031200000000000006,0.0023999999999999577,0.9181,0.0044999999999999485,0.0016000000000000458,0.0039000000000000146,0.0030000000000000027,0.03059999999999996,0.0020000000000000018,0.0030000000000000027,0.029000000000000026,0.9176,0.03049999999999997,0.03249999999999997,0.04090000000000005,0.025699999999999945,0.03149999999999997,0.049900000000000055,0.052200000000000024,0.0019000000000000128,0.0,0.00770000000000004,0.8809,0.8703,0.01639999999999997,0.9128000000000001,0.9105,0.908,0.0022999999999999687,0.007800000000000029,0.02980000000000005,0.13780000000000003,0.33509999999999995,0.28290000000000004,0.9167,0.9,0.9187,0.9284,0.019000000000000017,0.046499999999999986,0.045499999999999985,0.04239999999999999,0.06030000000000002,0.046499999999999986,0.04579999999999995,0.04610000000000003,0.03420000000000001,0.04039999999999999,0.04379999999999995,0.04249999999999998,0.049000000000000044,0.04390000000000005,0.04310000000000003,0.046699999999999964,0.03539999999999999,0.04159999999999997,0.0595,0.04630000000000001,0.039000000000000035,0.03539999999999999,0.0373,0.1059,0.1059,0.1059,0.1059,0.03869999999999996,0.9231,0.8967,0.03639999999999999,0.05520000000000003,0.9237,0.8922,0.8756
0.14900000000000002,0.11919999999999997,0.14990000000000003,0.03649999999999998,0.04049999999999998,0.3145,0.6036,0.04410000000000003,0.31389999999999996,0.03259999999999996,0.23199999999999998,0.2642,0.03749999999999998,0.04169999999999996,0.03159999999999996,0.0,0.22560000000000002,0.22740000000000005,0.6122000000000001,0.04279999999999995,0.036800000000000055,0.5263,0.589,0.6351,0.28900000000000003,0.10970000000000002,0.2379,0.3025,0.16390000000000005,0.033299999999999996,0.03159999999999996,0.033299999999999996,0.24050000000000005,0.033299999999999996,0.2429,0.029900000000000038,0.16910000000000003,0.24419999999999997,0.26670000000000005,0.24470000000000003,0.241,0.16759999999999997,0.14880000000000004,0.1502,0.22740000000000005,0.1521,0.23919999999999997,0.23919999999999997,0.033399999999999985,0.03299999999999992,0.031200000000000006,0.23870000000000002,0.23519999999999996,0.038799999999999946,0.25649999999999995,0.21989999999999998,0.029200000000000004,0.03700000000000003,0.2704,0.028299999999999992,0.03820000000000001,0.14849999999999997,0.031200000000000006,0.035499999999999976,0.23509999999999998,0.14580000000000004,0.035699999999999954,0.15880000000000005,0.1481,0.1471,0.1441,0.274,0.1664,0.14790000000000003,0.3195,0.053100000000000036,0.3153,0.3163,0.3609,0.2623,0.4044,0.3297,0.35609999999999997,0.1582,0.17720000000000002,0.17889999999999995,0.055300000000000016,0.050799999999999956,0.30820000000000003,0.02729999999999999,0.04579999999999995,0.03720000000000001,0.15349999999999997,0.14800000000000002,0.25680000000000003,0.12939999999999996,0.25260000000000005,0.2825,0.03700000000000003,0.029299999999999993,0.02849999999999997,0.03390000000000004,0.28049999999999997,0.10289999999999999,0.10329999999999995,0.10440000000000005,0.21860000000000002,0.10099999999999998,0.10119999999999996,0.10840000000000005,0.30110000000000003,0.13239999999999996,0.10109999999999997,0.10270000000000001,0.10509999999999997,0.10229999999999995,0.10319999999999996,0.1018,0.2992,0.12890000000000001,0.3691,0.10040000000000004,0.30379999999999996,0.30289999999999995,0.7348,0.5711999999999999,0.5711999999999999,0.5711999999999999,0.5711999999999999,0.23119999999999996,0.03700000000000003,0.03949999999999998,0.3034,0.369,0.03590000000000004,0.042300000000000004,0.04259999999999997
0.10370000000000001,0.028000000000000025,0.09809999999999997,0.028800000000000048,0.03939999999999999,0.2541,0.2984,0.027200000000000002,0.24070000000000003,0.03310000000000002,0.9659,0.6648000000000001,0.03169999999999995,0.035699999999999954,0.035699999999999954,0.22560000000000002,0.0,0.9646,0.2973,0.03069999999999995,0.034499999999999975,0.15759999999999996,0.30269999999999997,0.2823,0.09089999999999998,0.10029999999999994,0.47250000000000003,0.23950000000000005,0.14259999999999995,0.022399999999999975,0.027599999999999958,0.025800000000000045,0.47230000000000005,0.02839999999999998,0.47150000000000003,0.027800000000000047,0.14180000000000004,0.4709,0.4538,0.4697,0.4667,0.10170000000000001,0.10840000000000005,0.10019999999999996,0.9694,0.09519999999999995,0.4679,0.4726,0.028000000000000025,0.029100000000000015,0.022199999999999998,0.9667,0.9279999999999999,0.03069999999999995,0.8535,0.9688,0.02859999999999996,0.02959999999999996,0.6521,0.025399999999999978,0.021599999999999953,0.10699999999999998,0.03049999999999997,0.024399999999999977,0.9559,0.10340000000000005,0.021499999999999964,0.10450000000000004,0.10419999999999996,0.10360000000000003,0.09519999999999995,0.8571,0.1018,0.10319999999999996,0.2268,0.02290000000000003,0.23919999999999997,0.2338,0.28959999999999997,0.8925,0.2219,0.2859999999999999,0.2709999999999999,0.09900000000000009,0.10529999999999995,0.08620000000000005,0.023299999999999987,0.024800000000000044,0.7089,0.028299999999999992,0.02529999999999999,0.017299999999999982,0.10450000000000004,0.10389999999999999,0.8839,0.07640000000000002,0.18430000000000002,0.17400000000000004,0.02639999999999998,0.027000000000000024,0.02639999999999998,0.029100000000000015,0.6209,0.1018,0.10309999999999997,0.10029999999999994,0.1441,0.09789999999999999,0.09940000000000004,0.10570000000000002,0.24729999999999996,0.09550000000000003,0.10129999999999995,0.10150000000000003,0.10340000000000005,0.09970000000000001,0.10089999999999999,0.10050000000000003,0.24419999999999997,0.09209999999999996,0.3709,0.10150000000000003,0.23750000000000004,0.243,0.2168,0.4589,0.4589,0.4589,0.4589,0.964,0.0343,0.03469999999999995,0.23909999999999998,0.37570000000000003,0.030299999999999994,0.03059999999999996,0.025000000000000022
0.09770000000000001,0.033399999999999985,0.0948,0.036599999999999966,0.04420000000000002,0.23309999999999997,0.2874,0.0363,0.22199999999999998,0.03820000000000001,0.9503,0.6406000000000001,0.040200000000000014,0.03649999999999998,0.04090000000000005,0.22740000000000005,0.9646,0.0,0.30010000000000003,0.04269999999999996,0.04630000000000001,0.16949999999999998,0.27890000000000004,0.2872,0.10070000000000001,0.09309999999999996,0.46020000000000005,0.22629999999999995,0.13990000000000002,0.026900000000000035,0.03700000000000003,0.035699999999999954,0.45330000000000004,0.0343,0.45609999999999995,0.040999999999999925,0.13949999999999996,0.4575,0.4497,0.46109999999999995,0.45420000000000005,0.09570000000000001,0.09709999999999996,0.09740000000000004,0.952,0.09179999999999999,0.4589,0.4615,0.03949999999999998,0.038900000000000046,0.02510000000000001,0.9687,0.9297,0.03849999999999998,0.8637,0.9601,0.03320000000000001,0.04059999999999997,0.6422,0.02939999999999998,0.025800000000000045,0.09940000000000004,0.04239999999999999,0.030299999999999994,0.9625,0.09950000000000003,0.02410000000000001,0.10289999999999999,0.09699999999999998,0.09830000000000005,0.0958,0.8587,0.09819999999999995,0.09809999999999997,0.22640000000000005,0.02839999999999998,0.23340000000000005,0.23140000000000005,0.2752,0.8925,0.23209999999999997,0.275,0.2693,0.09840000000000004,0.10240000000000005,0.08930000000000005,0.028100000000000014,0.03280000000000005,0.7103999999999999,0.04039999999999999,0.03359999999999996,0.023299999999999987,0.09819999999999995,0.09619999999999995,0.8976999999999999,0.07110000000000005,0.18200000000000005,0.1785,0.033299999999999996,0.0393,0.030000000000000027,0.04090000000000005,0.6236999999999999,0.09319999999999995,0.09550000000000003,0.09309999999999996,0.1512,0.09119999999999995,0.09109999999999996,0.09740000000000004,0.22609999999999997,0.10160000000000002,0.0937,0.09400000000000008,0.09799999999999998,0.09060000000000001,0.09309999999999996,0.09099999999999997,0.2248,0.09740000000000004,0.3589,0.0938,0.22629999999999995,0.22160000000000002,0.21630000000000005,0.42980000000000007,0.42980000000000007,0.42980000000000007,0.42980000000000007,0.9544,0.0393,0.04169999999999996,0.22819999999999996,0.36619999999999997,0.04200000000000004,0.04299999999999993,0.028800000000000048
